Total number of data points in the test set:28380
Number of anomalies in the test set:42
index:[ 1934 15777 15871 15878 15939 16871 16918 17097 17322 17323 17369 17370
 17371 17372 17373 17374 17375 17376 17377 17378 17379 17380 17382 17383
 17384 17385 17386 17387 17388 17389 17390 17391 17392 17398 18000 18034
 18200 18201 19591 19609 20881 20938]
true index:[15849 15850 15851 ... 26115 27554 27555]
true index:2694
0.0 0.055085 0.04469266 0.02674505 0.0 0.8965515 0.27367425 0.0 0.004258 0.0 0.16834307 0.013514 0.0 0.045729 0.019429695 0.19514781 0.0 0.0 0.036001 0.022378 0.021937 0.015257 0.12316404 0.0011556295 0.0021012062 0.0016761145 0.0 0.01848 0.0 0.0014391858 0.014516 0.010293 0.0 2.3000257e-05 0.017592 0.017663 0.0 0.0
0.06521728 0.151483 0.08379887 0.076744094 0.0 0.9109198 0.2803027 0.0 0.018592 0.0 0.14912932 0.054054 0.013699 0.040062 0.091990426 0.17656179 0.0 0.0 0.125684 0.092337 0.097232 0.074573 0.8389229 0.0090517625 0.027665047 0.009078037 0.0 0.081386 0.0 0.011510474 0.069508 0.047349 0.0 1.1000122e-05 0.081011 0.081005 0.0 0.0
0.47826073 0.038136 0.065921 0.059302844 0.0 0.9396554 0.2897722 0.0 0.006812 0.001197 0.103668295 0.054054 0.013699 0.049381 0.030928249 0.1462124 0.0 0.0 0.062478 0.049186 0.048217 0.035864 0.3683788 0.007126048 0.0094549265 0.0072558247 0.0 0.040939 0.0 0.010072291 0.034042 0.022645 0.0 2.3000257e-05 0.044523 0.044592 0.0 0.0
0.47826073 0.086864 0.06815599 0.060465194 0.0 0.90517294 0.27746165 0.0 0.005677 0.008635 0.16324407 0.081081 0.013699 0.017805 0.033902425 0.18892264 0.0 0.0 0.057279 0.04537 0.045688 0.033974 0.43456 0.0069007305 0.008929376 0.006966633 0.0 0.038812 0.0 0.010072291 0.032265 0.021616 0.000386 2.3000257e-05 0.043075 0.043145 0.0 0.0
0.46739084 0.04661 0.049161628 0.051163398 0.0 0.88218415 0.27556795 0.0 0.010502 0.00011 0.16045932 0.054054 0.013699 0.029649 0.05689953 0.18585542 0.0 0.0 0.038194 0.033458 0.03461 0.024904 0.17651011 0.004590473 0.0049021468 0.004914268 0.0 0.029788 0.0 0.010072291 0.024071 0.02316 0.0 1.1000122e-05 0.034315 0.034385 0.0 0.0
0.15217331 0.207627 0.15307236 0.15232584 0.0 0.8908045 0.26609844 0.0 0.027391 0.0 0.18514821 0.067568 0.027397 0.074223 0.10586893 0.21451154 0.0 0.0 0.194778 0.168323 0.169173 0.136893 0.900356 0.017910253 0.059883878 0.017172419 0.0 0.141515 0.0 0.014388843 0.12658 0.089552 0.000386 2.3000257e-05 0.137262 0.137324 0.0 0.0
0.09782592 0.092161 0.12625656 0.123256095 0.0 0.9396554 0.26231006 0.0 0.015754 0.0 0.19010511 0.040541 0.013699 0.034236 0.0820785 0.21506064 0.0 0.0 0.141886 0.121646 0.122138 0.097269 0.9999256 0.011747564 0.038521446 0.011419594 0.0 0.102486 0.0 0.012949658 0.090378 0.059701 0.000386 1.1000122e-05 0.102946 0.102939 0.0 0.0
0.47826073 0.040254 0.034636237 0.039534897 0.0 0.8793107 0.25852266 0.0 0.0044 0.0 0.20544744 0.013514 0.0 0.050793 0.019231616 0.22897688 0.0 0.0 0.051772 0.038309 0.03997 0.028803 0.3062768 0.00622678 0.007528905 0.0061861137 0.0 0.034221 0.0 0.011510474 0.027704 0.025219 0.0 3.4000375e-05 0.034895 0.034965 0.0 0.0
0.36956492 0.338983 0.31843507 0.29767457 0.0 0.93390846 0.27367425 0.0 0.041868 0.000122 0.17844552 0.135135 0.054795 0.071072 0.1659397 0.2037085 0.0 0.0 0.319551 0.357112 0.411056 0.352595 0.9999256 0.022018047 0.2050423 0.020959936 0.0 0.356752 0.0 0.030215867 0.334144 0.292331 0.000386 1.1000122e-05 0.362485 0.362531 0.0 0.0
0.35869503 0.330508 0.31955257 0.30000028 0.0 0.9281604 0.27272692 0.0 0.034488 0.0 0.25133356 0.148649 0.054795 0.071226 0.13659808 0.27841663 0.0 0.0 0.311407 0.3537 0.390906 0.334693 0.9999256 0.017974345 0.19015867 0.017403573 0.0 0.340715 0.0 0.027338501 0.318444 0.27123 0.000386 0.0 0.358141 0.358187 0.0 0.0
0.77173954 0.725636 0.7240225 0.6011629 0.0 1.0 0.2916669 0.0 0.048254 0.0 0.2520895 0.148649 0.068493 0.111531 0.15186413 0.2758066 0.0 0.0 0.564992 0.712715 0.751876 0.669962 0.9999256 0.0568752 0.44685617 0.052299783 0.0 0.698314 0.004687 0.0633091 0.668224 0.612455 0.005796 0.0077700857 0.706943 0.706964 0.0 0.0
0.77173954 0.736229 0.731843 0.6127904 0.0 1.0 0.2897722 0.0 0.058615 0.000244 0.29764485 0.175676 0.068493 0.094937 0.20261723 0.3191119 0.0 0.0 0.551414 0.708768 0.735107 0.659201 0.9999256 0.047150485 0.4391521 0.040995263 0.0 0.68405 0.003005 0.057554368 0.657837 0.586207 0.003864 0.0052060573 0.707667 0.707688 0.0 0.0
0.7608697 0.629237 0.69497174 0.6162795 0.0 1.0 0.2916669 0.0 0.038603 0.000122 0.2632774 0.121622 0.041096 0.051144 0.17565455 0.28633508 0.0 0.0 0.558339 0.713321 0.732963 0.658007 0.9999256 0.044935364 0.43547523 0.03767005 0.0 0.681508 0.002489 0.057554368 0.656093 0.556356 0.003091 0.004104045 0.715268 0.715289 0.0 0.0
0.74999976 0.723517 0.72067004 0.63837206 0.0 1.0 0.2897722 0.0 0.052654 0.0 0.3154411 0.135135 0.054795 0.084753 0.1697072 0.336965 0.0 0.0 0.543751 0.702136 0.707892 0.639846 1.0 0.046957213 0.42059162 0.04264336 0.0 0.660881 0.001791 0.05179863 0.6394 0.515183 0.002318 0.0029350326 0.7241 0.72412 0.0 0.0
0.7391299 0.701271 0.72290504 0.64651155 0.0 1.0 0.28882587 0.0 0.060034 0.0 0.2882505 0.162162 0.068493 0.088723 0.23731197 0.31073508 0.0 0.0 0.511187 0.69503 0.6928 0.62825 0.9999256 0.048434295 0.4097352 0.04458065 0.0 0.649592 0.001544 0.050359447 0.629685 0.498199 0.001932 0.0026540295 0.725114 0.725134 0.0 0.0
0.7391299 0.710805 0.7240225 0.6523253 0.0 1.0 0.2897722 0.0 0.07153 0.000366 0.2761646 0.175676 0.068493 0.100342 0.24048422 0.29924503 0.0 0.0 0.509672 0.695329 0.683729 0.621944 0.9999256 0.0480808 0.4043075 0.04333682 0.0 0.643268 0.002129 0.048921265 0.624756 0.484817 0.002318 0.0035640395 0.734163 0.734183 0.0 0.0
0.7391299 0.724576 0.72960895 0.66046476 0.0 1.0 0.28882587 0.0 0.037184 0.000366 0.31921822 0.135135 0.041096 0.05768 0.16098374 0.3394831 0.0 0.0 0.507282 0.701531 0.687028 0.628866 0.9999256 0.038162813 0.4121868 0.031396877 0.0 0.648903 0.003122 0.050359447 0.632902 0.478641 0.003864 0.0054530604 0.746543 0.746489 0.0 0.0
0.74999976 0.727754 0.73407793 0.6720933 0.0 1.0 0.28409111 0.0 0.046409 0.0 0.29537833 0.135135 0.054795 0.073882 0.18100768 0.31709814 0.0 0.0 0.497733 0.709426 0.676554 0.623078 0.9999256 0.039510712 0.40518242 0.03145492 0.0 0.642815 0.002458 0.046042893 0.629477 0.44982 0.002705 0.004217047 0.76609 0.766107 0.0 0.0
0.74999976 0.629237 0.7027932 0.6662795 0.0 0.9971266 0.28125006 0.0 0.054357 0.000122 0.3012798 0.135135 0.054795 0.097691 0.18457608 0.32506254 0.0 0.0 0.491979 0.715102 0.674355 0.623138 0.9999256 0.041950155 0.40553278 0.035444573 0.0 0.643879 0.00336 0.043165524 0.631654 0.446217 0.003864 0.006398071 0.774705 0.774649 0.0 0.0
0.7826084 0.662076 0.7128486 0.677907 0.0 1.0 0.2821964 0.0 0.044139 0.000489 0.31402487 0.162162 0.041096 0.045893 0.20876266 0.33614132 0.0 0.0 0.5361 0.732322 0.720593 0.658345 0.9999256 0.049364608 0.43442413 0.044753764 0.0 0.68269 0.003581 0.05179863 0.664543 0.517241 0.00425 0.006713074 0.77637 0.776386 0.0 0.0
0.8043481 0.770127 0.7407819 0.6918602 0.0 1.0 0.28409111 0.0 0.056344 0.0 0.28050768 0.162162 0.068493 0.103293 0.1861617 0.30189985 0.0 0.0 0.566113 0.751015 0.747203 0.679212 0.9999256 0.05427553 0.45070922 0.045158032 0.0 0.707002 0.006699 0.048921265 0.685365 0.555841 0.007728 0.01259314 0.776225 0.776241 0.0 0.0
0.79347825 0.615466 0.7117321 0.6860465 0.0 1.0 0.28693116 0.0 0.041868 0.000366 0.311098 0.162162 0.054795 0.06685 0.17089666 0.33312005 0.0 0.0 0.561 0.746849 0.744097 0.674756 0.9999256 0.054725166 0.44405526 0.044984918 0.0 0.7045 0.006139 0.050359447 0.681572 0.554297 0.007728 0.0118961325 0.774343 0.774359 0.0 0.0
0.77173954 0.683263 0.7117321 0.6953493 0.0 1.0 0.28882587 0.0 0.036191 0.000122 0.309966 0.121622 0.041096 0.065872 0.14869188 0.33156347 0.0 0.0 0.509659 0.733076 0.692471 0.636127 0.9999256 0.038002588 0.41166124 0.03145492 0.0 0.663423 0.003824 0.05323782 0.64737 0.463716 0.00425 0.007140079 0.787302 0.787317 0.0 0.0
0.77173954 0.6875 0.70949715 0.6965116 0.0 1.0 0.2897722 0.0 0.056202 0.000611 0.313884 0.175676 0.068493 0.096162 0.19230814 0.33490527 0.0 0.0 0.509807 0.736094 0.688402 0.635789 0.9999256 0.043747686 0.414288 0.036745436 0.0 0.662319 0.00499 0.044604708 0.648507 0.453937 0.005796 0.009445106 0.795989 0.796004 0.0 0.0
0.7826084 0.791314 0.74860334 0.7151162 0.0 1.0 0.28314376 0.0 0.045274 0.000244 0.30477265 0.175676 0.068493 0.079081 0.17109475 0.32698557 0.0 0.0 0.505544 0.747322 0.697309 0.646092 0.9999256 0.05366567 0.41884077 0.0463148 0.0 0.671106 0.004115 0.044604708 0.658798 0.455996 0.005023 0.007657085 0.809962 0.809975 0.0 0.0
0.79347825 0.722458 0.7407819 0.71627957 0.0 1.0 0.28314376 0.0 0.047403 0.000244 0.29160127 0.135135 0.054795 0.080737 0.17724018 0.31343582 0.0 0.0 0.515056 0.752542 0.701185 0.650349 0.9999256 0.049718108 0.42409328 0.041139357 0.0 0.676209 0.005359 0.046042893 0.664095 0.463201 0.005796 0.010097112 0.818939 0.818879 0.0 0.0
0.79347825 0.778602 0.75754124 0.72558135 0.0 1.0 0.28125006 0.0 0.040732 0.0 0.32105958 0.162162 0.054795 0.07542 0.15741533 0.3422298 0.0 0.0 0.526884 0.744322 0.71996 0.66306 0.9999256 0.04435755 0.43775162 0.040966243 0.0 0.689842 0.006018 0.046042893 0.674354 0.504375 0.006955 0.011738131 0.803156 0.803171 0.0 0.0
0.7826084 0.704449 0.7407819 0.7232557 0.0 1.0 0.2803027 0.0 0.040732 0.000855 0.30156282 0.175676 0.068493 0.078698 0.15364783 0.32355186 0.0 0.0 0.53987 0.737173 0.71974 0.656933 0.9999256 0.049621973 0.43004653 0.047933877 0.0 0.683932 0.00405 0.046042893 0.664847 0.497684 0.00425 0.007027078 0.783972 0.783915 0.0 0.0
0.7826084 0.71928 0.7452508 0.7267447 0.0 1.0 0.28125006 0.0 0.033494 0.000122 0.25709292 0.175676 0.068493 0.083481 0.12252252 0.2804304 0.0 0.0 0.537233 0.734366 0.710614 0.651185 0.9999256 0.043587465 0.42689523 0.03810434 0.0 0.676859 0.004696 0.047482077 0.659758 0.492537 0.00541 0.008557095 0.781221 0.781236 0.0 0.0
0.79347825 0.809322 0.7731841 0.74069786 0.0 1.0 0.28314376 0.0 0.035481 0.0 0.3389514 0.175676 0.068493 0.078324 0.13402106 0.3600829 0.0 0.0 0.544564 0.744436 0.723946 0.660116 0.9999256 0.03411911 0.43092245 0.032321494 0.0 0.689487 0.005801 0.050359447 0.669361 0.521359 0.006955 0.0110531235 0.785926 0.785869 0.0 0.0
0.7826084 0.82839 0.7899435 0.7499997 0.0 1.0 0.28503746 0.0 0.035623 0.000122 0.3010899 0.189189 0.068493 0.076912 0.13620193 0.32217914 0.0 0.0 0.530518 0.738445 0.704704 0.644223 0.9938419 0.039574806 0.41691473 0.036745436 0.0 0.672997 0.004522 0.046042893 0.654508 0.482244 0.00541 0.0080840895 0.785709 0.785725 0.0 0.0
0.77173954 0.84322 0.79999995 0.75697684 0.0 1.0 0.28503746 0.0 0.034913 0.000122 0.30283692 0.162162 0.054795 0.078001 0.1326335 0.32478797 0.0 0.0 0.519011 0.737796 0.694862 0.639608 0.95911896 0.037938494 0.41498873 0.033449247 0.0 0.666181 0.004219 0.046042893 0.651019 0.463201 0.005023 0.007826087 0.794614 0.794629 0.0 0.0
0.7826084 0.791314 0.7944135 0.7593025 0.0 1.0 0.28503746 0.0 0.041726 0.000244 0.3077473 0.175676 0.068493 0.072952 0.16375883 0.32931986 0.0 0.0 0.513035 0.741041 0.693378 0.641537 0.93478227 0.0385804 0.41656438 0.040503938 0.0 0.667028 0.004132 0.044604708 0.654092 0.455481 0.004637 0.007443082 0.805039 0.805053 0.0 0.0
0.8260869 0.893008 0.8201118 0.78372085 0.0 1.0 0.2859848 0.0 0.042719 0.000122 0.32337263 0.175676 0.068493 0.079848 0.16078566 0.3454797 0.0 0.0 0.552314 0.746752 0.72906 0.663159 0.9999256 0.037104324 0.43757644 0.035039302 0.0 0.691871 0.004839 0.048921265 0.670801 0.538857 0.005796 0.009366104 0.753927 0.753873 0.0 0.0
0.108695805 0.201271 0.12625656 0.116279 0.0 0.9511491 0.35037863 0.0 0.018734 0.000122 0.17646201 0.054054 0.013699 0.039538 0.09298182 0.20000024 0.0 0.0 0.146469 0.140225 0.125052 0.10067 0.99599314 0.019001793 0.038171083 0.018156072 0.0 0.105244 0.0 0.01726621 0.093659 0.050952 0.0 0.0 0.111706 0.111771 0.0 0.0
0.07608716 0.039195 0.06480452 0.072093695 0.0 0.90804636 0.34943128 0.0 0.013341 0.0 0.19482553 0.027027 0.013699 0.041011 0.06562299 0.22165228 0.0 0.0 0.106771 0.094574 0.08717 0.068625 0.83135474 0.014764819 0.023988187 0.014079363 0.0 0.073348 0.0 0.01726621 0.064034 0.036027 0.0 1.1000122e-05 0.077898 0.077964 0.0 0.0
0.46739084 0.04661 0.042457677 0.0488377 0.0 0.87643725 0.33996177 0.0 0.020721 0.0 0.14266182 0.054054 0.013699 0.045117 0.09873109 0.16777253 0.0 0.0 0.045451 0.037221 0.038074 0.02747 0.22258471 0.008538039 0.0064778016 0.008354556 0.0 0.032448 0.0 0.015827026 0.026296 0.024704 0.0 1.1000122e-05 0.035836 0.035906 0.0 0.0
0.47826073 0.043432 0.041340187 0.047674347 0.0 0.8793107 0.33901545 0.0 0.016179 0.0 0.18075857 0.040541 0.013699 0.048754 0.07434644 0.20682049 0.0 0.0 0.045993 0.039949 0.040932 0.030195 0.26866037 0.01007821 0.008404825 0.009800518 0.0 0.034891 0.0 0.015827026 0.028824 0.027277 0.0 1.1000122e-05 0.037356 0.037426 0.0 0.0
0.46739084 0.050847 0.03687122 0.03372115 0.0 0.88218415 0.34659025 0.0 0.010077 0.008867 0.16574578 0.148649 0.041096 0.04565 0.04599521 0.19230919 0.0 0.0 0.037862 0.026703 0.030486 0.021542 0.098382786 0.00561692 0.0066529852 0.005810864 0.0 0.025848 0.0 0.033093233 0.020598 0.024704 0.0 1.1000122e-05 0.026352 0.026422 0.0 0.0
0.46739084 0.065678 0.040222693 0.0348845 0.0 0.87356275 0.34753758 0.0 0.021005 0.033393 0.17665069 0.243243 0.082192 0.056058 0.08406029 0.20485267 0.0 0.0 0.03387 0.026177 0.028864 0.020886 0.19646889 0.008923582 0.0064778016 0.0087598255 0.0 0.024469 0.0 0.031655055 0.019878 0.022645 0.0 0.0 0.025338 0.025409 0.0 0.0
0.46739084 0.050847 0.05698307 0.051163398 0.0 0.88218415 0.17802987 0.0 0.003406 0.0048 0.21276516 0.121622 0.027397 0.027952 0.018834459 0.23735371 0.0 0.0 0.040597 0.036888 0.038706 0.029002 0.35138792 0.0049750153 0.009805295 0.0051164026 0.0 0.032882 0.0 0.033093233 0.027528 0.026248 0.0 1.1000122e-05 0.035184 0.035254 0.0 0.0
0.46739084 0.028602 0.027932286 0.037210196 0.0 0.89367795 0.17992356 0.0 0.004684 0.001197 0.15970342 0.027027 0.0 0.044411 0.021610556 0.18645047 0.0 0.0 0.037332 0.031107 0.032878 0.023909 0.16604847 0.0048468346 0.00822964 0.005030345 0.0 0.028764 0.0 0.031655055 0.023479 0.027277 0.0 3.4000375e-05 0.029827 0.029897 0.0 0.0
